# [MySQL] 조인 (Join) 내용 정리

## 1. 조인(Join) 이란?

## 2. 조인의 종류

INNER, LEFT, RIGHT 조인

## 3. 예제

사원 테이블

| 사원 번호 | 부서 번호 | 이름 | 성별 | 나이 | 고용 형태 | 입사일 |
|:----:|:----:|:----:|:----:|:----:|:----:|:----:|
| 1001 | A01 | John | M | 33 | 정규직 | 2021-10-24 |
| 1002 | A02 | Paul | F | 31 | 정규직 | 2021-10-24 |
| 1003 | A03 | George | M | 30 | 정규직 | 2021-10-24 |
| 1004 | NULL | Ringo | M | 33 | 정규직 | 2021-10-24 |

부서 테이블

| 부서 번호 | 부서 이름 | 부서장 번호 | 부서 생성일 |
|:----:|:----:|:----:|:----:|
| A01 | Develop | 1001 | 2002-03-21 |
| A02 | Design | 1002 | 2003-06-13 |
| A03 | Planning | 1003 | 2007-12-29 |
| A04 | QA | NULL | 2009-07-23 |
| A05 | Marketing | NULL | 2012-07-23 |
| A06 | Engineer | NULL | 2013-08-12 |

### 3.1. INNER JOIN

사원 테이블의 사원번호가 부서 테이블의 부서장 번호와 일치하는 경우 결과 조회
- 일치 하지 않는 경우는 조회 대상에 포함되지 않음

| 사원 번호 | 부서 번호 | 이름 | 성별 | 나이 | 고용 형태 | 입사일 | 부서 이름 | 부서 생성일 |
|:----:|:----:|:----:|:----:|:----:|:----:|:----:|:----:|:----:|
| 1001 | A01 | John | M | 33 | 정규직 | 2021-10-24 | Develop | 2002-03-21 |
| 1002 | A02 | Paul | F | 31 | 정규직 | 2021-10-24 | Design | 2003-06-13 |
| 1003 | A03 | George | M | 30 | 정규직 | 2021-10-24 | Planning | 2007-12-29 |

### 3.2. LEFT JOIN

부서 테이블을 기준으로 사원 테이블에서 부서장 번호와 일치하는 경우 결과 조회
- 부서장이 없는 경우는 NULL 값으로 표시

| 부서 번호 | 부서 이름 | 부서장 번호 | 부서 생성일 | 이름 | 성별 | 나이 | 고용 형태 | 입사일 |
|:----:|:----:|:----:|:----:|:----:|:----:|:----:|:----:|:----:|
| A01 | Develop | 1001 | 2002-03-21 | John | M | 33 | 정규직 | 2021-10-24 |
| A02 | Design | 1002 | 2003-06-13 | Paul | F | 31 | 정규직 | 2021-10-24 |
| A03 | Planning | 1003 | 2007-12-29 | George | M | 30 | 정규직 | 2021-10-24 |
| A04 | QA | NULL | 2009-07-23 | NULL | NULL | NULL | NULL | NULL |
| A05 | Marketing | NULL | 2012-07-23 | NULL | NULL | NULL | NULL | NULL |
| A06 | Engineer | NULL | 2013-08-12  | NULL | NULL | NULL | NULL | NULL |

### 3.3. RIGHT JOIN

사원 테이블을 기준으로 부서 테이블에서 부서 번호와 일치하는 경우 결과 조회
- 부서 번호가 없는 경우는 NULL 값으로 조회

| 사원 번호 | 부서 번호 | 이름 | 성별 | 나이 | 고용 형태 | 입사일 | 부서 이름 | 부서 생성일 |
|:----:|:----:|:----:|:----:|:----:|:----:|:----:|:----:|:----:|
| 1001 | A01 | John | M | 33 | 정규직 | 2021-10-24 | Develop | 2002-03-21 |
| 1002 | A02 | Paul | F | 31 | 정규직 | 2021-10-24 | Design | 2003-06-13 |
| 1003 | A03 | George | M | 30 | 정규직 | 2021-10-24 | Planning | 2007-12-29 |
| 1004 | NULL | Ringo | M | 33 | 정규직 | 2021-10-24 | NULL | NULL |